0 0.44453125 0.68984375 0.73828125 0.68984375 0.73828125 0.25234375 0.44453125 0.25234375 0.44453125 0.68984375
0 0 0.7390625 0.04375 0.7390625 0.04375 0.6546875 0 0.6546875 0 0.7390625
0 0 0.7765625 0.065625 0.7765625 0.065625 0.696875 0 0.696875 0 0.7765625
0 0 0.884375 0.1171875 0.884375 0.1171875 0.696875 0 0.696875 0 0.884375
0 0 0.2203125 0.053125 0.2203125 0.053125 0.1859375 0 0.1859375 0 0.2203125
0 0.015625 0.68203125 0.0515625 0.68203125 0.0515625 0.64765625 0.015625 0.64765625 0.015625 0.68203125
0 0.02578125 0.2078125 0.07734375 0.2078125 0.07734375 0.171875 0.02578125 0.171875 0.02578125 0.2078125
0 0.04296875 0.70625 0.16328125 0.70625 0.16328125 0.609375 0.04296875 0.609375 0.04296875 0.70625
0 0.04765625 0.1921875 0.10078125 0.1921875 0.10078125 0.165625 0.04765625 0.165625 0.04765625 0.1921875
0 0.09140625 0.74921875 0.18984375 0.74921875 0.18984375 0.62890625 0.09140625 0.62890625 0.09140625 0.74921875
0 0.2296875 0.9984375 0.3546875 0.9984375 0.3546875 0.921875 0.2296875 0.921875 0.2296875 0.9984375
0 0.321875 0.99921875 0.409375 0.99921875 0.409375 0.93828125 0.321875 0.93828125 0.321875 0.99921875
0 0.33984375 0.97421875 0.44140625 0.97421875 0.44140625 0.88671875 0.33984375 0.88671875 0.33984375 0.97421875
0 0.39453125 0.27734375 0.47109375 0.27734375 0.47109375 0.21953125 0.39453125 0.21953125 0.39453125 0.27734375
0 0.40078125 0.99921875 0.53984375 0.99921875 0.53984375 0.82265625 0.40078125 0.82265625 0.40078125 0.99921875
0 0.4625 0.99765625 0.5921875 0.99765625 0.5921875 0.85859375 0.4625 0.85859375 0.4625 0.99765625
0 0.54765625 0.9984375 0.66171875 0.9984375 0.66171875 0.890625 0.54765625 0.890625 0.54765625 0.9984375
0 0.62734375 0.99921875 0.72109375 0.99921875 0.72109375 0.91640625 0.62734375 0.91640625 0.62734375 0.99921875
0 0.784375 0.9984375 0.8859375 0.9984375 0.8859375 0.8640625 0.784375 0.8640625 0.784375 0.9984375
0 0.865625 0.99921875 0.9546875 0.99921875 0.9546875 0.90703125 0.865625 0.90703125 0.865625 0.99921875